{
  "symbols": [
    "sma_cross_BTC/USDT",
    "sma_cross_ETH/USDT",
    "sma_cross_AAPL",
    "sma_cross_MSFT",
    "supertrend_BTC/USDT",
    "supertrend_ETH/USDT",
    "supertrend_AAPL",
    "bollinger_revert_BTC/USDT",
    "bollinger_revert_ETH/USDT",
    "donchian_breakout_BTC/USDT",
    "donchian_breakout_AAPL"
  ],
  "correlations": [
    [
      1.0,
      0.12812337455762826,
      -0.11243317205934375,
      0.11933771035378801,
      0.0478599811404665,
      0.1181045617937454,
      -0.03478161146803466,
      0.021764713748187902,
      -0.08347498414156651,
      -0.009384254294094568,
      0.08418517646789156
    ],
    [
      0.12812337455762826,
      1.0,
      -0.17620584901532527,
      0.25124614568631726,
      0.05071312610879648,
      0.0007865589738010759,
      -0.14042221145096115,
      0.15944929442951097,
      0.2325342707939639,
      0.0548103293972753,
      0.12182405797918414
    ],
    [
      -0.11243317205934375,
      -0.17620584901532527,
      1.0,
      -0.014552756886363332,
      0.04895541588253548,
      -0.006403772760191895,
      0.020845951165445464,
      0.020054698772123083,
      0.15969133117182271,
      0.05339154477564057,
      0.18377237723358286
    ],
    [
      0.11933771035378801,
      0.25124614568631726,
      -0.014552756886363332,
      1.0,
      -0.012881725791387662,
      -0.08639240397826295,
      0.018091785191750483,
      0.055915188073448974,
      -0.024738702879780337,
      0.1648509748778768,
      -0.09182549448076788
    ],
    [
      0.0478599811404665,
      0.05071312610879648,
      0.04895541588253548,
      -0.012881725791387662,
      1.0,
      -0.09266434696204573,
      -0.127209243739847,
      -0.0740549750911635,
      0.1065241003011842,
      -0.12940456178185775,
      -0.09712100853073873
    ],
    [
      0.1181045617937454,
      0.0007865589738010759,
      -0.006403772760191895,
      -0.08639240397826295,
      -0.09266434696204573,
      1.0,
      -0.0787474049164679,
      0.07755332873716314,
      0.18407463997258852,
      0.017129020246329063,
      -0.1621780299922484
    ],
    [
      -0.03478161146803466,
      -0.14042221145096115,
      0.020845951165445464,
      0.018091785191750483,
      -0.127209243739847,
      -0.0787474049164679,
      1.0,
      -0.21208851620255098,
      -0.01277854177995256,
      -0.14638989927763357,
      -0.11337837836070225
    ],
    [
      0.021764713748187902,
      0.15944929442951097,
      0.020054698772123083,
      0.055915188073448974,
      -0.0740549750911635,
      0.07755332873716314,
      -0.21208851620255098,
      1.0,
      0.3464705819495857,
      0.16476913173334834,
      0.07094858332885738
    ],
    [
      -0.08347498414156651,
      0.2325342707939639,
      0.15969133117182271,
      -0.024738702879780337,
      0.1065241003011842,
      0.18407463997258852,
      -0.01277854177995256,
      0.3464705819495857,
      1.0,
      0.020741815436584866,
      0.22409691126641265
    ],
    [
      -0.009384254294094568,
      0.0548103293972753,
      0.05339154477564057,
      0.1648509748778768,
      -0.12940456178185775,
      0.017129020246329063,
      -0.14638989927763357,
      0.16476913173334834,
      0.020741815436584866,
      1.0,
      0.01217490426148342
    ],
    [
      0.08418517646789156,
      0.12182405797918414,
      0.18377237723358286,
      -0.09182549448076788,
      -0.09712100853073873,
      -0.1621780299922484,
      -0.11337837836070225,
      0.07094858332885738,
      0.22409691126641265,
      0.01217490426148342,
      1.0
    ]
  ],
  "title": "Strategy Correlation Matrix (11 strategies)",
  "generated_at": "2025-08-29T23:54:28.342645"
}